% litera A
litA = [ 1 0 0 0 1 ; ...
         0 1 1 1 0 ; ...
         0 1 1 1 0 ; ...
         0 0 0 0 0 ; ...
         0 1 1 1 0 ; ...
         0 1 1 1 0 ; ...
         0 1 1 1 0 ];
  
% litA = [ 1 0 0 0 1 ; 0 1 1 1 0 ; 0 1 1 1 0 ; 0 1 1 1 0 ; 0 0 0 0 0 ; 0 1 1 1 0 ; 0 1 1 1 0 ];

% litera B
litB = [ 0 0 0 0 1 ; ...
         0 1 1 1 0 ; ...
         0 1 1 1 0 ; ...
         0 0 0 0 1 ; ...
         0 1 1 1 0 ; ...
         0 1 1 1 0 ; ...
         0 0 0 0 1 ];
  
% litB = [ 0 0 0 0 1 ; 0 1 1 1 0 ; 0 1 1 1 0 ; 0 0 0 0 1 ; 0 1 1 1 0 ; 0 1 1 1 0 ; 0 0 0 0 1 ];

% litera C
litC = [ 1 0 0 0 1 ; ...
         0 1 1 1 0 ; ...
         0 1 1 1 1 ; ...
         0 1 1 1 1 ; ...
         0 1 1 1 1 ; ...
         0 1 1 1 0 ; ...
         1 0 0 0 1 ];
     
% litC = [ 1 0 0 0 1 ; 0 1 1 1 0 ; 0 1 1 1 1 ; 0 1 1 1 1 ; 0 1 1 1 1 ; 0 1 1 1 0 ; 1 0 0 0 1 ];

% litera D
litD = [ 0 0 0 0 1 ; ...
         0 1 1 1 0 ; ...
         0 1 1 1 0 ; ...
         0 1 1 1 0 ; ...
         0 1 1 1 0 ; ...
         0 1 1 1 0 ; ...
         0 0 0 0 1 ];

% litD = [ 0 0 0 0 1 ; 0 1 1 1 0 ; 0 1 1 1 0 ; 0 1 1 1 0 ; 0 1 1 1 0 ; 0 1 1 1 0 ; 0 0 0 0 1 ];
     
% litera E
litE = [ 0 0 0 0 0 ; ...
         0 1 1 1 1 ; ...
         0 1 1 1 1 ; ...
         0 0 0 1 1 ; ...
         0 1 1 1 1 ; ...
         0 1 1 1 1 ; ...
         0 0 0 0 0 ];
     
% litE = [ 0 0 0 0 0 ; 0 1 1 1 1 ; 0 1 1 1 1 ; 0 0 0 1 1 ; 0 1 1 1 1 ; 0 1 1 1 1 ; 0 0 0 0 0 ];
  
% figure, hold on;
% subplot(1,5,1), imshow(litA);
% subplot(1,5,2), imshow(litB);
% subplot(1,5,3), imshow(litC);
% subplot(1,5,4), imshow(litD);
% subplot(1,5,5), imshow(litE);
% hold off;